track_id,track_name,track_popularity,artist_id,artist_name,artist_popularity,artist_followers
7jx4sK4oJwodNYECPDuW9M,Story Of My Life,29,4L7TL4CnvDR3iZQuVy6ESm,John Tartaglia,38,3583
0D7u8H8myGIBQ3mXRBMHuy,My Favorite Things (Reprise),0,5RdqZVi36tpDPYNPw8jJbO,Julie Andrews,56,106909
57yfmPoMfWljcEl3qI1ADp,Over at the Frankenstein Place,50,0aIOdrjH5s3hJqxmKoAEUg,Richard O'Brien,51,11395
0bTnB8YDYijhQbSWwpQYDU,"Let It Go - From ""Frozen / Single Version",45,6S2OmqARrzebs0tKUEyXyp,Demi Lovato,79,23654521
7vORhZg2DUYSJnQezoEZ3K,Epiphany,42,3OsHwkxpSIEqqmYoQxZTT5,Johnny Depp,47,109306
4z5quQbUggOqCszOEaB1sJ,I Believe In You,22,2YD3t3MBtQo16C8FrEYVh3,Daniel Radcliffe,30,13250
2lH6RlA7NA2CcTfyEsONTc,Tango: Maureen,46,00BueEoowSUVGZoCR5yIRL,Tracie Thoms,46,2115
68CJ6EJXhbmUOwkOk74w6N,West Side Story: Act I: Prologue,34,2LmyJyCF5V1eQyvHgJNbTn,Leonard Bernstein,60,178956
6MhMvtU5BxMzUQRrIDtKUe,Benjamin Calypso,0,4aP1lp10BRYZO658B2NwkG,Andrew Lloyd Webber,62,259516
49jOA8mPbaJTDV9qn56pDF,The Telephone Song - Original London Cast Recording/1989,0,2OqTX6uyzll0y3ydeccZGR,Claude-Michel Schönberg,35,5815
6N6mcIhmjN58QhUuMq47m1,"Step In Time - From ""Mary Poppins""/Soundtrack Version",42,6XIT5sGHOtxVgqtSnMCYZ6,Dick Van Dyke,49,27979
4Odr8ViOk7wZrPlJyIL15X,Suppertime,0,56E5XajgEQr7pQNK4C10RF,Soundtrack/Cast Album,40,18633
6O5QHpMKxrKOwr4Wsx004o,Joseph All The Time,0,4aP1lp10BRYZO658B2NwkG,Andrew Lloyd Webber,62,259516
59NBYwOTyhYhaYZLiGNIE8,Eddie,46,0eUW8ZPQ0jjnoTAQz9HtQH,Johnathan Adams,28,847
0bGvJAUEKasybHikPdMIRW,"Sunrise, Sunset",40,3dRfiJ2650SZu6GbydcHNb,John Williams,75,1173792
3A7C909LqLHKAtKHT0cKYN,"Supercalifragilisticexpialidocious - From ""Mary Poppins""/Soundtrack Version",36,5RdqZVi36tpDPYNPw8jJbO,Julie Andrews,56,106909
0fK5PDPqD2ogaNCjouXp6B,Beauty School Dropout - From “Grease” Soundtrack,0,5zNOI87gG4RttFmYAZWaxQ,Frankie Avalon,43,138406
11cNYPovYdoJdlRVnQo1Mi,Nowadays (Roxie),38,4ZYtO7K6tpQGNgoRRseDOg,Renée Zellweger,42,13584
2uJcorJzvj4y6sUFtC0EOq,Family,33,7LnaAXbDVIL75IVPnndf7w,Jamie Foxx,68,1033514
0yEJBG0BW0DuQjXEEMIm0A,Who I'd Be,33,6gWnjLkwQfuzdQsOP6ZJMM,Daniel Breaker,39,1666
6lRX6cXcn6dLQZsKbp57eR,Jacob In Egypt,0,4aP1lp10BRYZO658B2NwkG,Andrew Lloyd Webber,62,259516
1iiLKrKZJnXx0VNemPwLXg,Javert's Suicide,23,3YBIrJozn8fop4UYIt7wcV,Russell Crowe,42,12568
2rzU1GJ7WmlQMKu4s1PkIT,"Puttin' On The Ritz - From ""Young Frankenstein"" Soundtrack",29,4sZw3BLoQ9SniX4mcoh80b,Roger Bart,48,9490
1UmIWsuzcitp1VhsEKviJZ,"Your Song - From ""Moulin Rouge"" Soundtrack",53,105Paee9vmV5rfLSG652e1,Ewan McGregor,53,34040
2UbI3ko3S2aHJtpa9HARDz,What's This I Find - Original London Cast Recording/1989,0,2OqTX6uyzll0y3ydeccZGR,Claude-Michel Schönberg,35,5815
0jlEX3qO62m3eEWODg3WLH,Legally Blonde,0,3HfGekNeA7D6kO5Yz1Pyjw,Original Cast Recording,32,24922
4H4JUAZoypQ5IKTeA5prgs,Little People,0,7EzZtsaDuv0EecScnO7wrh,Les Misérables-Original London Cast,24,11116
4lPngl9pJ6ecbvuuBL2v5t,Born To Boogie - From 'Billy Elliot The Musical',0,3PhoLpVuITZKcymswpck5b,Elton John,84,10461440
2KCWKdVZdRXcjokjKoTGeM,Champagne,0,6BrRyZRuy3RTzJjAXTc7Ts,In The Heights (Original Cast Recording),0,12319
1Qg27064zgcyaB78AgwZ4i,The Worst Pies in London,44,7gX22Ua3mEH2KXTCpIfoOP,Helena Bonham Carter,46,9081
6DUe3XqMPk2OMsT3QQfcVE,Little Lotte / The Mirror (Angel Of Music),41,4aP1lp10BRYZO658B2NwkG,Andrew Lloyd Webber,62,259516
0CuA9Q5AVJyA0N3ox8tSOw,The Sacred Bird - Original London Cast Recording/1989,0,2OqTX6uyzll0y3ydeccZGR,Claude-Michel Schönberg,35,5815
5oeh5Ujhbngcjd3bs5LsS9,You Were Meant for Me,10,1mhlGWeiNrWnhJJc2EufYk,Gene Kelly,45,83294
4PhC8QIdq2LcGm6KpXFaVi,West Side Story: Act I: Maria,42,2LmyJyCF5V1eQyvHgJNbTn,Leonard Bernstein,60,178956
2L1x5k7S6ZB1fAtzdGzvmC,Don't Let Me Go,30,6gWnjLkwQfuzdQsOP6ZJMM,Daniel Breaker,39,1666
3Y3rrP26asuQyu0GhjlSsy,Valjean’s Confession,32,5F1aoppMtU3OMiltO8ymJ2,Hugh Jackman,66,570935
3IAKpoMwMFLV73Xt75jjvb,Master of the House,0,0cRX0gc8vmwKmV0RWqCV2L,Les Misérables - 10th Anniversary Concert Cast,17,39340
74t6ZmO6Vzq553l2zRgdhs,Grease,0,3CDKmzJu6uwEGnPLLZffpD,Frankie Valli,61,222874
58b4enZLuwKErQJj1LGjBY,Javert's Suicide,0,0cRX0gc8vmwKmV0RWqCV2L,Les Misérables - 10th Anniversary Concert Cast,17,39340
6Z8py9YdPLhqN7Knd5DK2A,Let's Be Bad (SMASH Cast Version) (feat. Megan Hilty),32,05tTO01wV9Y7U4U1B4xCBK,SMASH Cast,39,56748
2tk597zjB8Kt7Ao7jf5ftu,Take It Like A Man,0,3HfGekNeA7D6kO5Yz1Pyjw,Original Cast Recording,32,24922
0PJkO3FrJgoLV5BUhvPBgn,The Point Of No Return - Live At The Royal Albert Hall/2011,40,4aP1lp10BRYZO658B2NwkG,Andrew Lloyd Webber,62,259516
03m03OVQGPuzt8Rw2r0a7t,Do You Hear The People Sing?,55,68h2f0WXn4zEctSgNYozXx,Aaron Tveit,53,35271
3chZzJjo7RQb2hW7eX5Ix5,This Is the Moment,35,0VO40upO2mrC36RRq3JOvO,Jekyll,20,119
3crAucWAy0jKKmauzgxRMP,If I Didn't Believe In You,0,5ol7Hq695R9m2bT9T3FiQx,Jason Robert Brown,31,21271
7dz2toLYVSh7kiB24urkNV,Science Fiction/Double Feature (Reprise),42,0aIOdrjH5s3hJqxmKoAEUg,Richard O'Brien,51,11395
4Gh8T9BoncwvMlVoyZ67CL,Welcome To Burlesque - Burlesque Original Motion Picture Soundtrack,52,72OaDtakiy6yFqkt4TsiFt,Cher,67,2744192
2X2hiLZQIbHdps7Xpi3lnT,Keep It Gay,16,0LyfQWJT6nXafLPZqxe9Of,Various Artists,0,1669862
01O2sFXHb72XiXRyOFlkI7,Javert's Suicide,37,3YBIrJozn8fop4UYIt7wcV,Russell Crowe,42,12568
4U60I5o2fASz96pqQ0sxIM,Castle On A Cloud,0,2EnzSSPMaRMJRQod7erlhW,Alain Boublil,24,1542
35yaNeLqQuiLtZnDmuxzNy,Love Montage: I Saw Him Once / In My Life / A Heart Full of Love,0,7EzZtsaDuv0EecScnO7wrh,Les Misérables-Original London Cast,24,11116
7FSRqo6WcCBpGbrOkCOiky,Cups - Movie Version,52,6xfqnpe2HnLVUaYXs2F8YS,Anna Kendrick,62,325095
18y1ZP9WCMunAe6QgByGif,The Point Of No Return,38,4aP1lp10BRYZO658B2NwkG,Andrew Lloyd Webber,62,259516
2aXDWWlbLUapMZnYNDErmv,"El Tango De Roxanne - From ""Moulin Rouge"" Soundtrack",58,7K78lVZ8XzkjfRSI7570FF,José Feliciano,69,316492
6klpXs2uAjagnZMFkt4qkl,"I See the Light - From ""Tangled"" / Soundtrack Version",68,2LJxr7Pt3JnP60eLxwbDOu,Mandy Moore,63,667472
3b695A76QZTZLwZxP4bPNj,A Part Of That,0,5ol7Hq695R9m2bT9T3FiQx,Jason Robert Brown,31,21271
3GV4XBla6RrJ4WMqlhzd3u,"Hopelessly Devoted To You - From ""Grease"" Original Motion Picture Soundtrack",0,4BoRxUdrcgbbq1rxJvvhg9,Olivia Newton-John,68,1244816
2xLLwfYb4WxJdd7XIVHpy5,Entrance Of Hedy La Rue,13,7AVkOc9oTOz3drduckhKWh,John Larroquette,17,585
7lhe6C0hQZtIIRybv5Nthu,A Heart Full of Love,0,0cRX0gc8vmwKmV0RWqCV2L,Les Misérables - 10th Anniversary Concert Cast,17,39340
1D14PtAZlLWiBvxqngjrYp,Seize the Day,42,1LixgO7iYYxlco9KysaeeF,Newsies Ensemble,33,4602
5iMg31WQw8WdCHrvYWhloq,Today 4 U,43,5jpma87NOuRoh5FMf0CW5I,Jesse L. Martin,47,1634
0tXq1ob3ysGZN2oK1abtyp,Lifetime - Remastered 2021,51,2AOt5htsbtyaHd5Eq3kl3j,Maxwell,57,1543624
1DTRyqSQ6CfDs46Ft9vUpR,Mary Go Round,44,3UVRliakQfa1pMWIsNuiZ8,Musiq Soulchild,58,1041187
22x73BTJpIkciL7605zZ66,Ain't Too Proud To Beg,0,3RwQ26hR2tJtA8F9p2n7jG,The Temptations,66,2556893
4UpUrrq8XmES44YAjlcUuP,God Is Love,0,3koiLjNrgRTNbOwViDipeA,Marvin Gaye,72,4774087
7tHs9ib3XPxpXrsQIX0PNP,Sweet Baby,0,4ylR3zwA0zaapAu94fktwa,Macy Gray,59,603522
3Jc0ABqhf9yMLn8bbAdmKX,Wake Me Up - Acoustic,0,0id62QV2SZZfvBn9xpmuCl,Aloe Blacc,65,689378
6SaOWdixuJbg010zPmwjOw,The Payback,0,7GaxyUddsPok8BuhxN6OUW,James Brown,62,1973199
2806jBTs12WAfzFImSxJzL,Up on the Roof,46,1FqqOl9itIUpXr4jZPIVoT,The Drifters,59,444969
0cIoSMR8kFaJHF8eGgHBHs,Little Bit of Feel Good,41,6ASGmWCYupa0CXGtsDdYSI,Jamie Lidell,45,78556
69AnCbVCuJCwblxI5EHz27,If You Really Love Me,0,7guDJrEfX3qb6FEbdPA5qi,Stevie Wonder,75,5879466
74HYrIbnpc2xKCTenv5qKM,Window Seat,59,7IfculRW2WXyzNQ8djX8WX,Erykah Badu,65,2495527
7zkLpY72g6lKQbiHDqri1S,Sunrise,72,2Kx7MNY7cI1ENniW7vT30N,Norah Jones,72,2871963
21WrPeWVmWWBAx0dXYck9L,What'd I Say,0,1eYhYunlNJlDoQhtYBvPsi,Ray Charles,66,1950169
1ljzHUgt2SU2ADkhfa9eBC,Tightrope (feat. Big Boi) - Big Boi Vocal Edit,52,6ueGR6SWhUJfvEhqkvMsVs,Janelle Monáe,64,1265981
70AhDADPvD8cRhjfgBUjhZ,Just The Two Of Us,0,05YVYeV4HxYp5rrWalvuE1,"Grover Washington, Jr.",63,276324
6uAEJQpAPoYmM6Mb0tJN2I,"Do Right Woman, Do Right Man",31,7nwUJBm0HE4ZxD3f5cy5ok,Aretha Franklin,69,3007326
6MZAfPueIvw0a86iHQOCFw,The Outsider,0,5e3Z7HYpiVcP3TlU0a4yap,Lack Of Afro,45,51769
6IHmLFjzblJbNswndxldtp,Think,0,32r72WOqqRO1DtSznId7Lr,James Brown & The Famous Flames,56,144894
1MMp1H2Kib2BCDtdL5nL63,Hey Jude,53,0N5PyKJzS3M1XNlaCL7bbE,Wilson Pickett,56,555453
6BGa0jIrAeiymnmUNacjGu,Love You,33,2AOt5htsbtyaHd5Eq3kl3j,Maxwell,57,1543624
7eZvQJti3yafML1T7i6vI1,What Becomes Of The Brokenhearted - Single Version,0,0hF0PwB04hnXfYMiZWfJzy,Jimmy Ruffin,46,170940
29rQJydAlO0uMyWvRIZxQg,That's The Way Love Goes,65,4qwGe91Bz9K2T8jXTZ815W,Janet Jackson,64,3328176
0QJenmzx9ZNjbWuYwK9QrY,Can I Get A Witness,0,3koiLjNrgRTNbOwViDipeA,Marvin Gaye,72,4774087
0x6TCyRm4vmh81Ev0Tvylc,Lost Ones,0,2Mu5NfyYm8n5iTomuKAEHl,Ms. Lauryn Hill,70,2298211
2h1rTWUaUsuojWVpceC2fK,Aint No Way,0,7nwUJBm0HE4ZxD3f5cy5ok,Aretha Franklin,69,3007326
1oM6VZma2gPmhnczmhRKVw,Everybody Loves The Sunshine,0,3WbeZvDk1COiO2dEokZqn7,Roy Ayers Ubiquity,48,114725
6nzhhT57iQYrbqumru9NNP,ABC,0,2iE18Oxc8YSumAU232n4rW,The Jackson 5,70,1309958
3DUNaBEHqpXsrY7sXWlWpX,Ben,0,3fMbdgg4jU18AjLCKBhRSm,Michael Jackson,82,25061736
0p6GeAWS4VCZddxNbBtEss,Hometown Glory,0,4dpARuHxo51G3z768sgnrY,Adele,84,44110183
0J8A1ZVyJcRZxFNvtp6jRh,One Day I'll Fly Away,61,1twC2fwPG5FkvYcMpVBQRz,Randy Crawford,54,305911
1fAq1tPHZGsYACY25qdIcd,What A Man,0,5zU5MAgXh6Lcs3FY2KSFNQ,Linda Lyndell,40,2518
4IMArXimMttK8tB0UBa0Ue,Don't Leave Me This Way - Single Version,0,3sgUnR8TF35euWEV07RPyO,Thelma Houston,45,93215
6v7brj5QSzUS9kWg93aO0F,That's The Way Love Is,0,3koiLjNrgRTNbOwViDipeA,Marvin Gaye,72,4774087
2f9HNN1AnSoBiW2aObROr3,I Second That Emotion,0,6TKOZZDd5uV5KnyC5G4MUt,Smokey Robinson & The Miracles,56,1057256
57Y3UccJEJqT8w8RWkUAz0,Upside Down,1,3MdG05syQeRYPPcClLaUGl,Diana Ross,65,1522575
6DX92TuMqOKe0h9vLJIPeg,Give It To Me Baby,0,0FrpdcVlJQqibaz5HfBUrL,Rick James,60,1055039
2TARjNaeT3ImhWvSOcDw92,"Reach Out, I'll Be There",0,7fIvjotigTGWqjIz6EP1i4,Four Tops,62,976438
5bSgarDpObM6V8PJcXo9pz,Rock Your Baby,0,6oV3BNm1Gj2GGgpYknc5TN,George McCrae,49,118980
7tBZa65xUKMMan9tIMPqbi,The Walk,56,4d53BMrRlQkrQMz5d59f2O,Mayer Hawthorne,54,271819
4Kj7BJGxHXqNiAGXVD2xAH,Funky Broadway,37,0N5PyKJzS3M1XNlaCL7bbE,Wilson Pickett,56,555453
4IEA1Ak3Z71i3mdwQVrknP,Ain't No Woman (Like the One I Got),0,7fIvjotigTGWqjIz6EP1i4,Four Tops,62,976438
7IoKA8yRibsK8Ryy4SH2NL,I Love Music,0,38h03gA85YYPeDPd9ER9rT,The O'Jays,58,1061396
67eIyDIjpzIU1zf2ukgZcc,Your Precious Love - Stereo Version,0,3koiLjNrgRTNbOwViDipeA,Marvin Gaye,72,4774087
0tqIqWEwIxLSyGg0jLlTg6,I Learned the Hard Way,0,6LufpoVlIYKQCu9Gjpk8B7,Sharon Jones & The Dap-Kings,61,254414
0447V6bjlw5ERYGu3BEBnB,Buddy,49,3UVRliakQfa1pMWIsNuiZ8,Musiq Soulchild,58,1041187
2oLmzcsgNLcvZCHlbc58Xm,(I'm A) Road Runner,0,1rHh0AI30JhKrbzKIFjFNd,Jr. Walker & The All Stars,49,197046
1s2I9Q7zAE78m7aVZOq3ug,Bang Bang - My Baby Shot Me Down,0,3IZrrNonYELubLPJmqOci2,Nancy Sinatra,61,378929
7rUPIW0pQoshbOtysdlWX2,My Guy,50,1cjZk1xXn3YCToNg3uJpA7,Mary Wells,49,270870
1zeTH8g3op461U33JeKrSH,I Wanna Thank Ya - Without Rap,16,2hWr3AjjKOCVmWcwvuT4uM,Angie Stone,52,601488
1dF7EdEalTVfJyR6zCv093,I'm Still In Love With You,0,3dkbV4qihUeMsqN4vBGg93,Al Green,64,1719744
4NiKQDXKBHuFioxx3x4lSy,It's All Right,20,1b1N51wmSK0ckxFAMPSSHO,The Impressions,49,244439
5ByAIlEEnxYdvpnezg7HTX,Juicy - 2005 Remaster,75,5me0Irg2ANcsgc93uaYrpb,The Notorious B.I.G.,77,8267530
65jrjEhWfAvysKfnojk1i0,Under the Boardwalk,67,1FqqOl9itIUpXr4jZPIVoT,The Drifters,59,444969
1UoDxE4HOUH9J6F4yWrcxa,Higher (feat. B.o.B),35,7t6GsqGAwrj1kwYbvNX0hN,Classified,46,93412
1EzaEQ1hUWj7NWphY5Allw,Mmm Yeah,0,04abdnqPQe2N4fjztDea6z,Austin Mahone,58,2009922
2MIqLCofYbazo7rXz5RErV,Cooler Than Me - Single Mix,51,2KsP6tYLJlTBvSUxnwlVWa,Mike Posner,69,1309294
3deGe8vl0TQSV3f71FyjA9,She Moves,33,61ipISvUVa5LkJlKZnm3Oo,Alle Farben,65,323969
3C3cr2JQwXIhqAHqOardVO,Holding on to You,65,3YQKmKGau1PzlVlkL1iodx,Twenty One Pilots,79,22840349
6vxHp3CDNo0afgKGp2yi1E,Me and Julio Down by the Schoolyard,71,2CvCyf1gEVhI0mX6aFXmVI,Paul Simon,67,1974192
3NxAxBnK66q0ZpIWeH9xlp,L.A. Story (feat. Mike Posner),44,1S9WGrK7SZfXXQtHBYzDle,Sammy Adams,50,171078
1S4ENupfwIqYUPM2sgCief,More Than Friends (feat. Daddy Yankee),34,2w9zwq3AktTeYYMuhMjju8,INNA,67,1175194
6gf7WF9nXNON9HdNtrdEDq,I Should Live in Salt,0,2cCUtGK9sDU2EoElnk0GNB,The National,65,1423206
2Gy3XMLbBxACZ4tXdFRGr7,Pontoon,62,3CygdxquGHurS7f9LjNLkv,Little Big Town,65,2576522
1AvXB7pTYb7irnDLRfE27H,Marilyn Monroe,0,2RdwBSPQiwcmiDo9kixcl8,Pharrell Williams,80,4077572
5sAlmL7Qp9N9BJTADkwEt9,Scream,0,23zg3TcAtWQy7J6upgbUnj,Usher,78,10128610
3Lt558KSXrSTLBr3EJ3BAe,We Dem Boyz,42,137W8MRPWKqSmrBGDBFSop,Wiz Khalifa,81,10798575
3e5uxnPKYPdNjadbGXjWbP,Red Hands,47,6jEiUoyyJNPHzSR0Nib6HX,Walk Off the Earth,58,580880
5PtEpuVX03k9bOUwilL5EO,Punching In A Dream,61,0oeUpvxWsC8bWS6SnpU8b9,The Naked And Famous,56,697135
7vGWH8cSr389jeNN4fsXYQ,Nobody To Love - Radio Edit,0,01pKrlgPJhm5dB4lneYAqS,Sigma,59,298135
39FwE8edwuyiaa4PrGBkP7,Boys 'Round Here (feat. Pistol Annies & Friends),64,1UTPBmNbXNTittyMJrNkvw,Blake Shelton,72,6754298
0idc0XRnLRovVqpWnGQ6hC,My Love,0,1dgdvbogmctybPrGEcnYf6,Route 94,56,151526
3AszgPDZd9q0DpDFt4HFBy,Hey Ya!,61,1G9G7WwrXka3Z1r7aIDjI7,Outkast,73,2087848
1RwwmiVtLAtPmxAqKVfwgG,I Wanna Get Better,46,2eam0iDomRHGBypaDQLwWI,Bleachers,63,574904
0Nf3vtVBfiayZL7c8r4KBO,Gas Pedal,50,6d47Z08T4snK50HgTEHo5Z,Sage The Gemini,63,826918
5TOwCJuRa9H82eklOv2nj6,West Coast,0,00FQb4jTyendYWaN8pK0wa,Lana Del Rey,88,18922353
3Qe097eJNp9MfpT2PieEw0,Don't Ya,59,0qSX3s5pJnAlSsgsCne8Cz,Brett Eldredge,67,1421457
4WRjqQ6sx5qIcddaIxNTfF,Salsa Tequila,0,4tIdn5S7BCgSdvnqR36W1N,Anders Nilsen,40,12153
0yg4nmSO3H9xMbuC3E5vhY,Brooklyn Baby,0,00FQb4jTyendYWaN8pK0wa,Lana Del Rey,88,18922353
4ePP9So5xRzspjLFVVbj90,Two Princes,69,2PSiyldxmJze7xiqbz658m,Spin Doctors,57,565393
5dKBaysNJtfpyNTRa5lqDb,A-Punk,0,5BvJzeQpmsdsFp4HGUYUEx,Vampire Weekend,64,1823393
5OUB9MiQhq972yuwotfQZa,Alors On Danse - Radio Edit,0,5j4HeCoUlzhfWtjAfM1acR,Stromae,71,2670716
1mwt9hzaH7idmC5UCoOUkz,Diamonds,0,5pKCCKE2ajJHZ9KAiaK11H,Rihanna,89,51162263
1KoPS8IrSlhsW4ioFEIVL9,I Remember,0,28Ky95tmlHktB96DBUoB0g,Tristam,52,215024
2j7m0EgVcQr5QoqlGFSlxJ,Roco Coco,0,1cS5EoXVqz7aON00AkVBBA,DAVID AUGUST,45,189553
6BsbXBQZ7cFTuej6MfM92O,My Life Is A Party - R.I.O. Edit,37,5nkYRuiIHg2xXHFC8bfosJ,ItaloBrothers,62,397333
2pEEOcoFnT6K9kKGOeAlUh,Luvstuck - Radio Mix,0,0JD7mAhnai0DknHxHyGDIE,Comiccon,28,4528
6HNGXmc7A14zeeWTj4gzz8,Watercolour - Full Version; Single,34,7MqnCTCAX6SsIYYdJCQj9B,Pendulum,59,869278
6xBiFq15ec44xc9O370VK7,Poison,0,1yWjNh9SRE7C59A3LDIwVW,Groove Coverage,53,116938
4m926dKKAjSbfAshULbWyu,Stuck On Replay - Radio Edit,18,0HlxL5hisLf59ETEPM3cUA,Scooter,64,711752
3zf852pgVUpYqQD1FTLa69,Booyah (feat. We Are Loud & Sonny Wilson) - Original Mix,37,3gk0OYeLFWYupGFRHqLSR7,Showtek,61,459156
63JXZZRbmzooashakb0zbu,Nightvision,54,4tZwfgrHOc3mvqYlEYSvVi,Daft Punk,80,9029109
2N2Mp4HjnYcmrZ2YqrKedy,Alone,43,0SfsnGyD8FpIN4U4WCkBZ5,Armin van Buuren,73,4136384
4ftfnryuTPdsuyCiAZAcx8,Wes,0,08Ut1tYxtmgIInVyQqohkM,Fritz Kalkbrenner,54,343264
3ERy5fXX0ZDtgWmaJORb7d,Mekong Delta (Original Mix),0,3fI3Z6NnYoeSQjcqPQDbM4,Len Faki,31,109078
15R5Uw6oXuet9fqZImQoEU,Me & You - Original Mix,0,4uRYpUQZrNrY5t8tAv3XrD,NERO,55,814847
0pjMTISKHTJkogN1BPZxaC,Paradise - Tiësto Remix,51,4gzpq5DPGxSnKTe4SA8HAU,Coldplay,88,40064381
4j3rTxafRqG2uukR7g59EF,Scary Monsters and Nice Sprites - Kaskade Remix,27,5he5w2lnU9x7JFhnwcekXX,Skrillex,74,8001312
6q0f0zpByDs4Zk0heXZ3cO,Drowning - Avicii Extended Remix,30,0SfsnGyD8FpIN4U4WCkBZ5,Armin van Buuren,73,4136384
5QcSDOm6mcvFDl7KBT1fHv,Spaceman - Carnage Festival Trap Remix,10,6BrvowZBreEkXzJQMpL174,Hardwell,64,3654206
3O949dy6pP3xF0vak8ORul,Slip,0,2CIMQHirSU0MQqyYHq0eOx,deadmau5,67,2757451
3FMhOHaLDx5NYEzSWRyJ9r,Camilla,36,37DdwREpvvQHmGLFEZ4h0Q,Basshunter,59,433781
1wTIfN5cxjaJPDdoVqrfDu,Top Of The World,0,7C64wNX3howEFZjAYRKsfP,The Cataracs,59,109219
3UQ7GLdYhcWDCZSh1DPWoW,Yvette,0,7tL5UmgvPx6TqKyf0Sjjw6,Marek Hemmann,43,134995
3F87WPsNYrDSwbHkOUpIaH,Before The Crash,0,1mUVjZFnDM8mHpi4fR2bPC,Gary Beck,28,21806
6WaBSLUShG3BpQUpXr0CVR,Blessed - Avicii Mix,25,6rLWD5vrN1ZaNU0peuEH7t,Tom Hangs,32,13007
6QHf3icsnoUtjsgFOVsJhG,Confronted,0,6OQOvP7RAdmAKVXXQqD0Se,Pan-Pot,39,199175
0Jc2SfIHv63JNsUZpunh54,"Solar Sailer - From ""TRON: Legacy""/Score",55,4tZwfgrHOc3mvqYlEYSvVi,Daft Punk,80,9029109
0ZuR3LK4dFYYLjeF6tZC38,I Miss You,40,37DdwREpvvQHmGLFEZ4h0Q,Basshunter,59,433781
4KHDdWCH1NCtFv2mVGNkCH,Apollo - Original Mix,2,6BrvowZBreEkXzJQMpL174,Hardwell,64,3654206
2GyrX5kqaQeJskyL8TatIy,Poney Pt. I,0,4M84umUNRbZy1mJleyyRM9,Vitalic,49,277682
1dh93oIZ4KWLOjPr6kWec9,Miracle,0,0N0d3kjwdY2h7UVuTdJGfp,Cascada,65,458978
1eJc057oEcsXV43D2GiMjk,Nessaja (live),28,0HlxL5hisLf59ETEPM3cUA,Scooter,64,711752
5YuJhe1jfUYb8b3jf2IZM0,Bla Bla Bla,0,1OAjDaKgg00KCUYqDe68un,Gigi D'Agostino,67,707873
34o2xJAVNTzoYN0o2Sd6sW,Big Boss,36,0tgjwsn1Lpjj8kKEvWm0KQ,Doctor P,46,235035
2LVfKzntdu1DuqXMSh9def,Opa,0,2D9Oe8R9UhbMvFAsMJpXj0,Kölsch,50,204541
0TxMRiAvI1s0L821BJJWzx,Around the World - Radio Edit [Radio Edit],52,4tZwfgrHOc3mvqYlEYSvVi,Daft Punk,80,9029109
2pdEafpOw3Jvddrm2by0NR,Innocence,0,4uRYpUQZrNrY5t8tAv3XrD,NERO,55,814847
5adsxIYZbvEY35mgziLrAI,Ode To Oi,0,2L8yW8GIoirHEdeW4bWQXq,TJR,53,149317
4IOPLyAe3NmfUGq0qNnd9i,In The Dark,0,7Ip2u3e5Nv6fFb5xyIHxEE,DEV,60,261687
7Kq2SpCEOOY1kc1pbASqZF,The Whistle Song - Solar Patrol Mix,0,6U0uBUKWYZKZYFGL00hMsp,Pulsedriver,58,36634
44iDzzmQXrjdlkSkGB3twY,Tagoma,0,7tL5UmgvPx6TqKyf0Sjjw6,Marek Hemmann,43,134995
2LeF2hl1xpBpPyjvv52rPl,Flute - Radio Mix,0,4RQQEu24E1oQAQXvkxsLxE,New World Sound,46,48133
1qZMPmpD1jDcOA7gZ6TCde,One (Your Name) - Radio Edit,65,1h6Cn3P4NGzXbaXidqURXs,Swedish House Mafia,75,3627238
4HEFKRGM0Z3c24PtBkUYtc,Disconnected,0,0lLY20XpZ9yDobkbHI7u1y,Pegboard Nerds,54,345006
07xJusthBHlUQqCIPaoqTi,Blue Fear - Original Mix,17,0SfsnGyD8FpIN4U4WCkBZ5,Armin van Buuren,73,4136384
1Q2suaT061xaVA5aHq6vKi,Lighthouse - Sean Tyas Remix,0,7H63wD8xWXAKdYVjZmE90B,Bobina,34,29759
18Ws5zPJIPpwW2pxczixa4,Sleepwalkers - Original Mix,0,6OO0PboZcIWUWL7j2IyeoL,Markus Schulz,48,298099
0nDiBoETKmuynbGt76hgNS,Together We Will Conquer,0,7wU1naftD3lNq7rNsiDvOR,Paul van Dyk,57,393524
2DOSw4nvs64YSCOyax84JH,Love Is Not Enough,0,10gzBoINW3cLJfZUka8Zoe,Above & Beyond,61,734204
0UUyqwpJox9qu7J94ueIho,Clear Blue Water - Ferry Corsten Remix,0,0aTdKgInKeMlNnwWSa1YPT,Oceanlab,41,72836
5Ct1f6RBsEkzvxrjTSPflG,International Departures - Classic Anthem Mix,4,0nTbVTXLLbBA4xCtn0cFkv,Myon,44,19572
0SuUUmGkCjOiZYOMTbsodC,Emotions Of The Night - Trent Cantrelle Remix,0,0piibFCPjQwZh50avkOQ2Z,Deep Flexion,0,30
7hcVw6ZIwMYzupN5LFbAkV,Kernkraft 400 - DJ Gius Mix,39,7vFpNLbCXbBFs4kFBUlkSl,Zombie Nation,48,34094
1kIaJ1sG9QyWxQOiBS3GzV,Saturday Night,7,0SfsnGyD8FpIN4U4WCkBZ5,Armin van Buuren,73,4136384
71RpWF4hyc2YC5u6kZW1db,Sleeping In Airports - Original Mix,6,25fXoLpROrtnNtQ1ifr8oN,Agnelli & Nelson,34,9367
5Zc7YL2u6HY7F5qaaJXW72,Sometimes They Come Back for More,0,6ySxYu68zTsO5ghsThpGtS,Cosmic Gate,51,236982
0gAD3qvhN777Izfn3sRjiN,Suru,0,3WGxBKuYawiVOmCwR8FIUC,Super8 & Tab,49,67237
7cGOa5GPZZDZnlui8gl2Lc,Dark & Long (Dark Train),0,1PXHzxRDiLnjqNrRn2Xbsa,Underworld,55,525341
4UcS6TaXuTrWbDoBDtScMV,God Is a DJ,0,5T4UKHhr4HGIC0VzdZQtAE,Faithless,59,569963
0XnBRHXnFG9In7ze6ZlQoC,Airport,0,073AaGdfoT7IzCpOgmKkql,Photographer,38,12162
6F631Kh798vcEys7LS40RY,Till The Sky Falls Down - Radio Edit,17,1xT5p0VBpnZDrvVSjX9sri,Dash Berlin,57,527088
0AbXKrsyKpNHPIEopKK9Nh,Viking - Extended Mix,9,1YuNQvsvOsMBm0ahbxB8qM,Orjan Nilsen,46,142667
3aXM9duTbQJDnNrOzh8cb6,Zara - Original Mix,0,0LyfQWJT6nXafLPZqxe9Of,Various Artists,0,1669862
2LZYXxOavdK5DlmICcgSRB,Man On The Run - Extended Mix,0,1xT5p0VBpnZDrvVSjX9sri,Dash Berlin,57,527088
6f05PhKIlarF6ZaLLpsWl7,Fight The Fire (Mix Cut) - Stoneface & Terminal Remix,14,0Fn4agIyGMwQsKHrx1i8Dn,Andy Moor,42,66829
0Q8ZRnLbxzXkv9zkJJcLl6,Where Do I Start - Armin van Buuren Remix,2,5GxyeQagayzZOg4UwffQlD,Chicane,56,141647
25VwSB0k3bd4JQRKmHfAPQ,D.N.A. - Original Mix,11,2rTo8KIkBTFjQS7VvaKYQ4,W&W,67,797055
6UGxTbqg7Ow9yz2MdYnvwk,Communication Part 3,6,0SfsnGyD8FpIN4U4WCkBZ5,Armin van Buuren,73,4136384
35CMWuPRiNmyDiKW4Rw7eg,Never Gone - Above & Beyond Respray,0,5z6lQtQC39Mh6CwWEiuV0n,Adam Nickey,21,6933
4IcVpMl3kdRm6MKMVgaXxs,Fight The Fire - Stoneface & Terminal Remix,6,0Fn4agIyGMwQsKHrx1i8Dn,Andy Moor,42,66829
4SBpaaeTee6aDcrYqw7WQE,The Hymn - Original Mix,12,6Wfqk51nF026WOoqCQRDlj,Skyscraper,6,111
4TZlriJzN1sxX8S78ieDkC,Love Is Darkness - Original Mix,0,22bukBZvUppuwQwmDz75Gz,Sander van Doorn,50,359728
04KhdMmOj3LjqTM1rC1HPb,1st Strike - Original Mix,4,4M1lKlxY6V8zPkgrnGYTve,Josh Gallahan,5,130
388jrrjpS1rb7GAJM7ULcp,Giving It Out,0,10gzBoINW3cLJfZUka8Zoe,Above & Beyond,61,734204
1KZi8JlxElT7YudMvzdTxN,Invasion (A State Of Trance 550 Anthem) - Club Mix,10,2rTo8KIkBTFjQS7VvaKYQ4,W&W,67,797055
3HaVjlKejQmzj6hqivJ6Kv,Belter,19,0SfsnGyD8FpIN4U4WCkBZ5,Armin van Buuren,73,4136384
1UhHgUddUt2L7siqPsOoU7,An Angel's Love,40,478tAnskSff0wa0XxnpwmW,Alex M.O.R.P.H.,47,86089
766RKRQ1ZJjmdBQ9y54HKj,Animals - Original Mix,17,60d24wfXkVzDSfLS6hyCjZ,Martin Garrix,75,15656461
1HeBWh9Plc8jCkvrEnWDjK,Who Will Find Me - Original Summer Sunrise Mix,27,4Q5snyb5ODh1VXbdvHtJgx,DJ Shah,35,14320
5dEW5WtAYbC4QD6CWaPqDd,Sirens of the Sea - Above & Beyond Club Mix,0,10gzBoINW3cLJfZUka8Zoe,Above & Beyond,61,734204
0c1Dz6S7Ruyq2BhZBC8cbA,Endorphine,3,3hfq6yXjtbpauRxsiTasoz,Stoneface,10,901
7Hk9oAj5KEelSWSTOdmQ8O,Cream (Paul Van Dyk Remix),0,6jUzZLZnV8JEDLuyU54Tgn,Jones,12,714
2K4cyGqJ1klZEGF689y75P,Barber's Adagio for Strings - Ferry Corsten Remix,43,2AHGrNDMKFi8rHqQ8kJqfl,William Orbit,46,46416
36CHw4J7UEy60jX2sCbRqn,Fight The Fire - Original Mix,22,0Fn4agIyGMwQsKHrx1i8Dn,Andy Moor,42,66829
0R0S2PsKD1lH8Qc9zw6ppd,Innocence (feat. Jessy),0,2ldC3ttdH00Mhsxwp6LMeP,The Mackenzie,34,6600
3rV6kk6Ity00YMWg794PNG,Love Too Hard [Bonus Track],7,0SfsnGyD8FpIN4U4WCkBZ5,Armin van Buuren,73,4136384
1XCVyUF2QgtZQl71jyr0aK,Traffic (Radio Edit),0,2o5jDhtHVPhrJdv3cEQ99Z,Tiësto,83,6601401
3UcYwxiQf6qbrWEOvUTJJg,Second Way - Original Mix,1,2LDQe5WkPOQzrkDpCD1h2H,Mindscope,0,26
7umGHsT4iqdUv0eZWcbmuf,Time Of Our Lives,0,7wU1naftD3lNq7rNsiDvOR,Paul van Dyk,57,393524
6jnbY3d9mhxU5nvSE10oap,Take A Moment,25,0SfsnGyD8FpIN4U4WCkBZ5,Armin van Buuren,73,4136384
4YWU57RRGzPbl72yFmf8Kb,When You Were Around - Ferry Corsten Fix,0,1xT5p0VBpnZDrvVSjX9sri,Dash Berlin,57,527088
2e2heYBbXWRsDsUtTIVIaF,As The Rush Comes - Gabriel & Dresden Chillout Mix,46,7DZ9xBelM79Mlk3Weia4oD,Motorcycle,41,21190
0P6WrsKYBNPmD48VPWOCWZ,Find Yourself - Original Mix,34,6H2JQ8igAAa5UBr2u496mb,John O'Callaghan,45,97935
4E5PB55vLwQPIO1OvpU53S,Sleep Alone,0,536BYVgOnRky0xjsPT96zl,Two Door Cinema Club,67,2211806
6WF4hzdGXvXd1joERSXJjm,Hurts Like Heaven,57,4gzpq5DPGxSnKTe4SA8HAU,Coldplay,88,40064381
1FMHNVeJ9s1x1l1WlaRs2I,It Ends Tonight,59,3vAaWhdBR38Q02ohXqaNHT,The All-American Rejects,65,2406131
0usJ6ywAqqeJx1nQl5SWlP,Don't Speak,0,0cQbJU1aAzvbEmTuljWLlF,No Doubt,66,2371905
4ZfIw3XhEotjgGMVpDcpd3,Handshake,0,536BYVgOnRky0xjsPT96zl,Two Door Cinema Club,67,2211806
7kvmbreZrm0Jdebofrmznw,Stars,0,3mJYIPIda2t5UHr5nTMgin,Sures,6,1791
5SqpVvqft9YW2Igg1nZJwz,Always,0,6FBDaR13swtiWwGhX1WQsP,blink-182,78,7288122
4kCWghhn4VXq3VEtXhXQw6,When I Write My Master's Thesis,0,3oOylXJSSKnZt9xZIjikTJ,John K. Samson,28,21422
11nv53N7ZnNTCgyl8yxvYd,Cannonball,0,1xgFexIwrf2QjbU0buCNnp,The Breeders,51,372090
4Jgp57InfWE4MxJLfheNVz,Champagne Supernova,0,2DaxqgrOhkeH0fpeiQq2f4,Oasis,75,7964681
2nvC4i2aMo4CzRjRflysah,In My Place,74,4gzpq5DPGxSnKTe4SA8HAU,Coldplay,88,40064381
1aB3C7GKpCFgsdhqzfZW0U,Bloodshake,33,2O9XW1nnGRMkMV1wpK8IiS,Peace,41,103160
4UuHWIkAWnN176A2rx7YFB,1985,54,5ND0mGcL9SKSjWIjPd0xIb,Bowling For Soup,60,1007849
36tghkPg1AO4HsAzo6YpPp,House of Gold,69,3YQKmKGau1PzlVlkL1iodx,Twenty One Pilots,79,22840349
1qfYG2JrchEyJiqKnkE7YQ,What You Know,1,536BYVgOnRky0xjsPT96zl,Two Door Cinema Club,67,2211806
7KATU5SV5dNmETSDLbJmZc,Jeremy,40,1w5Kfo2jwwIPruYS2UWh56,Pearl Jam,73,7858934
4uBzDO9wmPEXBKhfwAlMFJ,No Surprises,0,4Z8W4fKeB5YxbusRsdQVPb,Radiohead,79,7580161
3FZmvNNdZCYQSB4UXi4Iqr,Yellow Bridges,0,0d1j4VJ7gzAJaDslzmjTF0,El Ten Eleven,39,88059
0agBriTy7L5vFjeFT4qXr9,Myth,0,56ZTgzPBDge0OvCGgMO3OY,Beach House,71,1680818
64yrDBpcdwEdNY9loyEGbX,21 Guns,74,7oPftvlwr6VrsViSDV7fJY,Green Day,78,13562825
37CBHPCzV1rizPrxRUyR72,No You Girls,0,0XNa1vTidXlvJ2gHSsRi4A,Franz Ferdinand,67,2327328
6U5hUX40OWY6l0HaPUWElZ,Banquet,58,3MM8mtgFzaEJsqbjZBSsHJ,Bloc Party,60,1046450
1nLnpLXvl68RZCSjfkyiaa,Brain Stew,69,7oPftvlwr6VrsViSDV7fJY,Green Day,78,13562825
7qxxr5CLf8rnIibe4eStzR,Cold,46,3uT7nEkZwWc2GBiqUZGoOe,Aqualung,45,63748
7L4XA2pZnSicDUqX9W4dhy,Heart of a Lion,0,3nUbzTTtP2w4HqvT5y5vkV,The Griswolds,46,95400
0q6LuUqGLUiCPP1cbdwFs3,On Melancholy Hill,77,3AA28KZvwAUcZuOKwyblJQ,Gorillaz,79,9573534
601KiLiZtBJRTXBrTjeieP,Ode to Viceroy,0,3Sz7ZnJQBIHsXLUSo0OQtM,Mac DeMarco,76,3152919
714Lw0m2SmCEhKSPw0Dn8J,Welcome to My Life,57,2p4FqHnazRucYQHyDCdBrJ,Simple Plan,67,3264289
3dvnVubqVeeOjabs0wC1YB,Gun Has No Trigger,0,5VF0YkVLeVD4ytyiyVSIiF,Dirty Projectors,42,245974
2XYRxeXd56lzqTBzO41ARO,Mona Lisa,0,3kGhAL9j1WyNjNkWTRQd8T,Atlas Sound,34,103717
6DVcpS1ZYE6F15HXR42itt,Dance All Night,15,7MHvsuTLg2450NDMNafKVc,Free Energy,22,8213
22KnzuPbLdWlkNt4HglqLu,Petition,0,1ybAN3utgdoUL1MUCtH4QM,Tennis,53,259706
5He3kbhG04jAioqHVEytHq,Look at Little Sister,44,5fsDcuclIe8ZiBD5P787K1,Stevie Ray Vaughan,61,2204876
3bfKHX54Ou4z1iUiz5Yfl5,Mr. Highway Man,0,0Wxy5Qka8BN9crcFkiAxSR,Howlin' Wolf,51,466649
63PwidW2qewf231I6Y2XOr,Easy Rider,0,3Ovf2lytXSXWFM2cwsJACC,Lead Belly,39,170659
0x4XFSCjBf2MYGiklTXb82,"Troubles, Troubles, Troubles",0,5xLSa7l4IV1gsQfhAMvl0U,B.B. King,61,2484777
6mXssXjcb1j9RR5URKwDhA,Promises,21,6PAt558ZEZl0DmdXlnjMgD,Eric Clapton,70,5105679
0H3mc9iS0WeA93bSE9kQB7,I Want to Be Loved #2,0,4y6J8jwRAwO4dssiSmN91R,Muddy Waters,55,1185061
22nq98gtGUZnNor4N3YYlC,Dog House Boogie,0,6OVkHZQP8QoBYqr1ejCGDv,Seasick Steve,42,197703
75N0xuUmZEOgXqB0OIcq59,Hold on I'm Coming,37,6PAt558ZEZl0DmdXlnjMgD,Eric Clapton,70,5105679
1Er5JMNcguoBMFXxwZ7BWH,White Winter Hymnal,0,4EVpmkEwrLYEg6jIsiPMIb,Fleet Foxes,64,1238838
1R45EyWM83EVqPOrDWtZTG,On The Road Again - Remastered 2005,36,27a0GiCba9K9lnkKidroFU,Canned Heat,56,548531
7uFEN1DRttp36omB0z1uxf,Treasures,0,6OVkHZQP8QoBYqr1ejCGDv,Seasick Steve,42,197703
3UiizsO6cX46cb5VjAt5U6,Saddle My Pony,0,0Wxy5Qka8BN9crcFkiAxSR,Howlin' Wolf,51,466649
2DQNcMIYVQwpShcFU9GZfV,Big Legged Woman - Remastered,21,5dCuFngSPyOOnTAvrC7v2s,Freddie King,51,353476
0Bi2BDYLgcrLehnTSk4SMm,The Sky Is Crying - Live,34,5fsDcuclIe8ZiBD5P787K1,Stevie Ray Vaughan,61,2204876
6wNel8PA0QbtYTkT2BfCAT,Boogie Woogie Woman,0,5xLSa7l4IV1gsQfhAMvl0U,B.B. King,61,2484777
5nPUtpDTcDQtuUSTl08yUN,Voodoo Woman,0,04qIJRFjTmvW5I1DMyGE1R,Koko Taylor,42,108859
7dtdzB7yn3AMfwmDqhnWrC,Another Man - Mono,0,2ScuQMRWThcifBRIvNDFDC,John Mayall & The Bluesbreakers,47,376846
1ZTdrHAfVVoij7fe3iFozS,Rude Mood,28,5fsDcuclIe8ZiBD5P787K1,Stevie Ray Vaughan,61,2204876
1PVudxvP2LMHJiM1WTWK8A,Paying The Cost To Be The Boss,0,5xLSa7l4IV1gsQfhAMvl0U,B.B. King,61,2484777
5Xwt15HIJogVrerl0bzkGb,She Just Wants To Dance,42,6iDaoPZVgxrTkndDCisX8F,Keb' Mo',51,343907
7CrTBDJ4PFhJRzwAwaSQth,Deep Down In Florida,19,4y6J8jwRAwO4dssiSmN91R,Muddy Waters,55,1185061
0OXd5YAycHH6Jc3KvZvc4X,Diddley Bo,0,6OVkHZQP8QoBYqr1ejCGDv,Seasick Steve,42,197703
0AE1Ymr9Cjam8BLt5FcTRO,"Texas Flood - Live at Montreux Casino, Montreux, Switzerland - July 1982",24,5fsDcuclIe8ZiBD5P787K1,Stevie Ray Vaughan,61,2204876
2cK4laQlCh3jLJJ97ztdww,She Moves Me,0,4y6J8jwRAwO4dssiSmN91R,Muddy Waters,55,1185061
15q23v2bv33PKeFsuiWQA8,Mannish Boy,25,4y6J8jwRAwO4dssiSmN91R,Muddy Waters,55,1185061
7jxTdvTrVuqkuWwk0jXnVY,Love Struck Baby,33,5fsDcuclIe8ZiBD5P787K1,Stevie Ray Vaughan,61,2204876
5DABfQ4BALX012JddKxSt1,Chill Out (Things Gonna Change) feat. Carlos Santana,0,1yNOfXGQNGjAynk77wv85x,John Lee Hooker,56,777015
300dHx5ePzD0I5cM6qa0BO,She's Into Something,0,4y6J8jwRAwO4dssiSmN91R,Muddy Waters,55,1185061
4pdLyulbYLCrPmDzWWeJIZ,I've Been Loving You Too Long,60,60df5JBRRPcnSpsIMxxwQm,Otis Redding,69,2009315
3c8u6bcL4Z2ro0oD0JFoLc,"Texas Flood - Live at The Spectrum, Montreal; Augusy 17 1984 (Late Show)",25,5fsDcuclIe8ZiBD5P787K1,Stevie Ray Vaughan,61,2204876
62QInSlXQI11BR9ycVWjd6,I Can't Quit You Baby - 1990 Remaster,52,36QJpDe2go2KgaRleHCDTp,Led Zeppelin,76,12788897
1Pomj0gyzPNGIz7VWZxXF1,Gallis Pole,0,3Ovf2lytXSXWFM2cwsJACC,Lead Belly,39,170659
1zO47jCtwsqZ73yKzOtM2d,Stang's Swang - Alternate Version,26,5fsDcuclIe8ZiBD5P787K1,Stevie Ray Vaughan,61,2204876
27Mq86KAZ9O4V6DQ6gbSR9,Since I've Been Loving You - 1990 Remaster,0,36QJpDe2go2KgaRleHCDTp,Led Zeppelin,76,12788897
0i5lT2LXWXrXuMkV5qaZ9J,Sugar Mama,0,1yNOfXGQNGjAynk77wv85x,John Lee Hooker,56,777015
4X2fu4kLcGGppuwuSthcu5,The Sky Is Crying - 2002 Remaster,18,23wr9RJZg0PmYvVFyNkQ4j,Gary Moore,57,578285
61QkrOttBreJYPcLhDJyax,Mean Old World,0,6PAt558ZEZl0DmdXlnjMgD,Eric Clapton,70,5105679
12B0Twa9kRz45Xw2PgXHJm,Afire Love,58,6eUKZXaKkcviH0Ku9w2n3V,Ed Sheeran,90,105492653
3CAvPsgqfGkCaxkdgqNf5j,Under The Sheets,27,0X2BH1fck6amBIoJhDVmmJ,Ellie Goulding,78,11358718
1MUQ6LtYIw6sSGQJEoIi2X,Roll Away Your Stone,0,3gd8FJtBJtkRxdfbTu19U2,Mumford & Sons,71,6386564
6QPKYGnAW9QozVz2dSWqRg,Someone Like You,2,4dpARuHxo51G3z768sgnrY,Adele,84,44110183
1OQy02jxSB11mUo2eatFc6,The Young Ones - 2005 Remaster,18,1wCc2Wgga1H8C7u57pcqYk,Freddie & The Dreamers,27,82061
3WSyYBhLZRLbQo2tJgFvSR,Sleeping Satellite,62,6EgtYGZoF5jLydCpz43xu1,Tasmin Archer,44,18032
0d28khcov6AiegSCpG5TuT,Feel Good Inc.,83,3AA28KZvwAUcZuOKwyblJQ,Gorillaz,79,9573534
7fWXTD51PQ2W9B2lyYlZCN,Give Me Love,42,6eUKZXaKkcviH0Ku9w2n3V,Ed Sheeran,90,105492653
72hF391fEECZcAEDea2Bb5,Long Cool Woman (In a Black Dress) - 2003 Remaster,33,6waa8mKu91GjzD4NlONlNJ,The Hollies,61,1019308
7sQxUlHRgAAL1cUpEoscPl,How Ya Doin'?,0,3e7awlrlDSwF3iM0WBjGMp,Little Mix,76,10922413
0U4NRZT9CAMNsjHtPLc1lI,Chocolate - Revised Album Version,0,3rIZMv9rysU7JkLzEaC5Jp,Snow Patrol,67,2717212
24fQpRwKFkC3Fe8QtvvrNw,Back for Good - Radio Mix,0,1XgFuvRd7r5g0h844A5ZUQ,Take That,62,1159186
6p4sru0M36Cs5BL4qoSPw6,Tender,40,7MhMgCo0Bl0Kukl93PZbYS,Blur,68,2672511
7wnC64YPj2YH2oHYBmCzHt,Melt My Heart to Stone,0,4dpARuHxo51G3z768sgnrY,Adele,84,44110183
2vzgwB4ycW8ZFIGVc3nAKT,Knock 'Em Out,17,13saZpZnCDWOI9D4IJhp1f,Lily Allen,67,1930890
6H7tMK6nKs6pilZpwD7PX6,Red Light Indicates Doors Are Secured,0,7Ln80lUS6He07XvHI8qqHH,Arctic Monkeys,87,17060943
0brrVj6VnvrG70SjRTnEJA,White Riot - Remastered,53,3RGLhK1IP9jnYFH4BRFJBS,The Clash,69,2423385
4zlSuQ7nAiLfjn0ED0bSLb,Everything's Just Wonderful,15,13saZpZnCDWOI9D4IJhp1f,Lily Allen,67,1930890
7CKbqqrs0AS1si1ZgaQdcj,Angels,61,2HcwFjNelS49kFbfvMxQYw,Robbie Williams,71,2546978
3PbsDnKdrZY0ttX7VE9s5R,Underdog,62,11wRdbnoYqRddKBrpHt4Ue,Kasabian,62,1669010
5qGwqO0lkbBXw4xNfzT7SF,Spice Up Your Life,66,0uq5PttqEjj3IH1bzwcrXF,Spice Girls,67,2916395
6xdLJrVj4vIXwhuG8TMopk,Crazy Little Thing Called Love - Remastered 2011,77,1dfeR4HaWDbWqFHLkxsg1d,Queen,84,43838185
4r0ylEoghzNJqQO1i4IiI7,Rearrange,21,3M0H4efyA5YcijrKlaKbYn,Miles Kane,57,257068
0SPGL2j5OrG1L7YvP6tT6X,I Would,0,4AK6F7OLvEQ5QYCBNiQWHq,One Direction,84,28271703
6gYzY4CIR667rZxQ6bfYTz,Skeleton Song,39,5vBKu1igxFo6g1sHADkIdg,Kate Nash,51,416000
6wtmql7FJ7SSLuSw8JD8rX,Spanish Bombs - Remastered,54,3RGLhK1IP9jnYFH4BRFJBS,The Clash,69,2423385
5PK1JCSdr34gWgzYHgt3Jq,Feeling Good,63,12Chz98pHFMPJEknJQMWvI,Muse,75,7214355
5fEql5cR2hjR6wPGUPiEEb,Na Na Na,57,4AK6F7OLvEQ5QYCBNiQWHq,One Direction,84,28271703
5PBMj0trVEBwaHpg0kz0Jz,Kinky Afro,0,339DNkQkuhHKEcHw6oK8f0,Happy Mondays,46,359427
4cVHMHgmWgudD399ZdhQ3L,Let's Dance - 2002 Remaster,63,0oSGxfWSnnOXhD2fKuz2Gy,David Bowie,76,8735647
50AXdOg1O8p8OUMw8SzrfE,Playa Boi,21,4m4SfDVbF5wxrwEjDKgi4k,Cher Lloyd,60,2602143
4fCpHhES8IExESfkZmRQQ3,The View From The Afternoon,0,7Ln80lUS6He07XvHI8qqHH,Arctic Monkeys,87,17060943
1SsDbcjGHregkNfEjogXpm,Re-Wired,51,11wRdbnoYqRddKBrpHt4Ue,Kasabian,62,1669010
6D0QtayzCNVKoIZ8IX2npw,Oath (feat. Becky G),51,4m4SfDVbF5wxrwEjDKgi4k,Cher Lloyd,60,2602143
540EENCt6M9YB2iRKolgSJ,Rock 'N' Roll Star,0,2DaxqgrOhkeH0fpeiQq2f4,Oasis,75,7964681
4RpsltwxERLiq6AXU39Dhx,Last First Kiss,0,4AK6F7OLvEQ5QYCBNiQWHq,One Direction,84,28271703
760QEV2aGbtjfPuhOp1NpF,You've Got The Dirtee Love - Live At The Brit Awards 2010,0,1moxjboGR7GNWYIMWsRjgG,Florence + The Machine,74,6096678
0Y9ruZ8TTc2mR5lcxhS8uU,Jacqueline,0,0XNa1vTidXlvJ2gHSsRi4A,Franz Ferdinand,67,2327328
0N3CVWradS22UiqbRxpMoT,I Predict A Riot,0,0LbLWjaweRbO4FDKYlbfNt,Kaiser Chiefs,60,1211397
5o9YtrAEp4yLQsydSldFbL,Obviously,33,47izDDvtOxxz3FzHYuUptd,McFly,55,436136
0wokCRaKD0zPNhMRXAgVsr,Ordinary World,72,0lZoBs4Pzo7R89JM9lxwoT,Duran Duran,67,2444050
2oCtKhTsYRh1S9lbzvyxoQ,You've Got Another Thing Coming,0,2tRsMl4eGxwoNabM08Dm4I,Judas Priest,66,3412010
4k4qvQSDrWHeKGtAPbJPYL,Nobody Compares,0,4AK6F7OLvEQ5QYCBNiQWHq,One Direction,84,28271703
414a7UjgozCezMUz6Ng70h,Maybe Tomorrow,0,21UJ7PRWb3Etgsu99f8yo8,Stereophonics,62,1370073
2nlvl52hnkBMoWPmWChXM8,Waterloo Sunset,0,1SQRv42e4PjEYfPhS0Tk9E,The Kinks,65,2263102
1OXfWI3FQMdsKKC6lkvzSx,Glad You Came,0,2NhdGz9EDv2FeUw6udu2g1,The Wanted,64,2548230
3idthQ24V2aPRcthv7Aq5o,Sit Down,0,0qLNsNKm8bQcMoRFkR8Hmh,James,58,477580
3w3LhWlRJNpyzql0Q2j1w5,Fall,19,6eUKZXaKkcviH0Ku9w2n3V,Ed Sheeran,90,105492653
0T02WlrUAK45ApAVVixmcc,"La bohème, SC 67 / Act 1: ""Che gelida manina""",6,0OzxPXyowUEQ532c9AmHUR,Giacomo Puccini,60,393189
3RbJx9eautRhPZ70vbDLu2,"Goldberg Variations, BWV 988: Aria",0,5aIqB5nVVvmFsvSdExz408,Johann Sebastian Bach,76,3774880
2g09gJN4OcTGr32JlENOPk,"London, 1988",0,3IpQziA6YwD53PQ5xbwgLF,Jóhann Jóhannsson,63,226539
1HmZgTVaxF2xRdPaxO7hAf,"Symphony No 3, Op. 43 ""Universe"": VI.Dark Matter",0,15NSFL63oPhmpXLcZHny2N,Fazıl Say,52,139915
2vNFGpMub5nBHnHaOIoAIw,"Cello Sonata No. 1, H. 277: I. Poco allegro",4,2cN9SgfyZo6l6TijoewUaZ,Bohuslav Martinů,26,7289
7nTwlmrw5dRthSvSTmCsKa,"Isorhythmic Motets: Apostolo glorioso - Cum tua doctrina - Andreas, Christi famulus",21,0kLNgrvMXHTm4yWGrfMuLc,Guillaume Dufay,30,10634
1fIg2xMn1xYlmiRKGULcEy,"Lyric Pieces, Book 1, Op. 12: Vektersang (Watchman's Song)",28,5ihY290YPGc3aY2xTyx7Gy,Edvard Grieg,63,463025
6PUxLuMvpJWKqdaGWLE0OI,"String Quartet No. 1 in C Major, Op. 37: II. Andantino semplice (In modo d'una canzone)",4,3WLh1Qe8WgEBbb2QJWYYal,Karol Szymanowski,38,6996
7nnjUHV4bxuHVdrADKZber,"Songs My Mother Taught Me (from ""Gypsy Songs"", Op. 55, No. 4)",0,6n7nd5iceYpXVwcx8VPpxF,Antonín Dvořák,59,513168
74K5lZTuJa2w87IPTzxKaz,Prelude For Time Feelers,0,4QK3YJ6hzJdhJHE9q7kbVV,Eluvium,39,70160
3SZyzIH61YD58TzEsebx67,Suite No. 1 For Solo Violin (1927): Fuge: Munter!,0,6GzpEShG7BxIUvG1mKzkM5,Ingolf Turban,7,326
1JGWAEOOPv8LyKh92eVa39,Lux aeterna,5,1zb5zmIuX2lTbzcn7YeQlg,György Ligeti,36,61166
2Yjv7MOdst5y6fFsq4cKOL,The Heart Asks Pleasure First / The Promise - Edit,53,2LvhyFvUCDJ7gFuEBOcrM8,Michael Nyman,52,194877
0a9mUPCyu1R2kxRqDoO9Q3,Preludes: La colombe (The Dove),32,6CS9O2pE67oq44GZuBEBuD,Olivier Messiaen,35,42427
1UQHEsNF9Ow2LI1XCeVI51,"Symphony in D Major, Hob. I No. 6 - ""Le Matin"": I. Adagio - Allegro",1,656RXuyw7CE0dtjdPgjJV6,Joseph Haydn,56,547216
5PtmAQ3m2jxhUkDVFQAJag,Cello Sonata: I. Dialogo,25,1zb5zmIuX2lTbzcn7YeQlg,György Ligeti,36,61166
7CIoJE0JfVFcmmUY3fFojH,"Hungarian Rhapsody No. 2 in C-Sharp Minor, S. 244/2",46,1385hLNbrnbCJGokfH2ac2,Franz Liszt,61,682891
5eRfljNo9nICHm8i77T1rA,Deux Arabesques L. 66: No. 1 Andante con moto,40,1Uff91EOsvd99rtAupatMP,Claude Debussy,68,1335312
0UsWT4UhwBe7F9t3VWnSNX,Symphony No. 2: I. Allegro,1,4vcYbZ99sbqJHZWEsONSrb,Christopher Rouse,8,1267
4zo9nVH8uBk5DnUa92ogWn,Þú ert jörðin,0,7E3BRXV9ZbCt5lQTCXMTia,Ólafur Arnalds,64,692310
3LNsyHdo8MWl4mqbkzAvKh,"Piano Concerto in A Minor, Op. 7: II. Romanze: Andante non troppo con grazia",34,2yzaWNFV3cxmcRZtwtr5WC,Clara Schumann,46,23472
489iiJI4OL84YdgrKJPTFd,Sonata for Clarinet and Piano: 1. Allegro tristement - Extract,6,4IAWVxo2fpTBPn6k7GZ3eY,Francis Poulenc,48,33680
4sS6WUtvjFWLui3Jj8C6zl,Indiana Jones and the Temple of Doom - Raiders of the Lost Ark,0,3dRfiJ2650SZu6GbydcHNb,John Williams,75,1173792
5YS9gUKBLEOBq0eVZl2klr,"From the Bohemian Forest, Op. 68, B. 182: No. 5, Silent Woods",24,6n7nd5iceYpXVwcx8VPpxF,Antonín Dvořák,59,513168
4W18MvpMRFd58dSVidxdO9,Drowning By Number 2 - 2004 Digital Remaster,16,2LvhyFvUCDJ7gFuEBOcrM8,Michael Nyman,52,194877
02TadnJNMcVjr4baY39H1p,"21 Hungarian Dances, WoO 1: No. 5 in G Minor: Allegro",26,5wTAi7QkpP6kp8a54lmTOq,Johannes Brahms,65,828487
2mZyupZGZeWrU1PTlv2fyw,Symphony No.4 In G: 2. In gemächlicher Bewegung. Ohne Hast,0,2ANtgfhQkKpsW6EYSDqldz,Gustav Mahler,54,263832
79kGOM2eXbPvcpWCGUwKLz,"9 Fantasia a 4: V. Fantazia in B-Flat Major, Z. 736",4,3tMLo1k3iUo82coMLWXzxq,Henry Purcell,54,144739
7HFMXOWQv6Mhi2Trgl3NyN,"Symphony No.1 in D, Op.25 ""Classical Symphony"": 4. Finale (Vivace)",0,4kHtgiRnpmFIV5Tm4BIs8l,Sergei Prokofiev,56,219203
55xly70WJY1cx5qsoogaqs,"Main Title/John Williams/Jaws - From The ""Jaws"" Soundtrack",44,3dRfiJ2650SZu6GbydcHNb,John Williams,75,1173792
5dMJZzcAi2w1O8MXfSmAHe,Irish Tune from County Derry,29,6evVLxWyiwmi8gDtHn1Vzx,Percy Grainger,34,8138
5dW3suh54vtbllAQgwS249,Firing Squad,9,1joFZGTRER78nUsWtgHCHR,Rachel Portman,54,62065
5Khm6EIcYuXqUe0vweWW0H,Thumri Bhairavin,0,1mMMhynZ6FbbnKjG7Pd9mQ,Bismillah Khan,26,119190
50QqEXWsT4M0fP6HnrmgSi,"Le nozze di Figaro, K. 492, Act I: ""Non più andrai""",0,4NJhFmfw43RLBLjQvxDuRS,Wolfgang Amadeus Mozart,74,4729365
1MvddhnZis1nzjRiwpWhW1,"Má vlast (My Country): No. 1, Vyšehrad",21,25Eab1kIY1gh0Yo1oV04G4,Bedřich Smetana,45,81405
6CHIc7NYBvYPLEUHQxhHKg,Festival Overture,4,2wFEejnAmdHGXYdIX9HN3U,Hong Kong Philharmonic Orchestra,29,1667
12AOwWanBDN4TQbJRbErqM,Wasted Time,38,0u2FHSq3ln94y5Q57xazwf,Keith Urban,70,4933681
6vgN6KGstss0GnBbKlMNK9,The Way You Love Me,58,25NQNriVT2YbSW80ILRWJa,Faith Hill,64,1640460
0NLBwQBYJhEM9t3KAMPFVR,Sold (The Grundy County Auction Incident),68,7mPcfx7PhnBh6n4HMCd61A,John Michael Montgomery,58,892275
6QUEB3DDAD7oJhbIZF2v4Y,I Told You So,58,1pTuR132U5b4Rizal2Pr7m,Randy Travis,63,1467700
7oiCqfE8Wjk8wf0pFTgL2H,Nothin' To Lose,61,1456WwI15Lm9CktCzkLZvm,Josh Gracin,47,226244
4wDxa0lo9PfPdnDifyCE6h,That Ain’t Country,51,2t2XKfWKLXpFIjFwy1K8wx,Aaron Lewis,59,727558
5y2pNuAvWcPKiORZ12e44S,Night's On Fire,56,4DZGvSv2oMkBUnPz67E6z6,David Nail,53,368712
3L3HRHCi6CmKmUrAJj1sa0,WD-40,7,0EyZDKtc41e4A3a3v69MxD,Muscadine Bloodline,60,148987
6VChAU4QENeLwf3OaHBJxC,Must Be The Whiskey,66,2v7wIbCkIzxOfT3GnqCexD,Cody Jinks,64,778730
2N2EoS0dVmkNT0tfI0OYUA,This Night Back,48,0q2lY1ZzFckzciuoMtUvck,Canaan Smith,49,324902
6qc34bnVOyqGDPni8H5W0U,Amazed,70,3qbnxnvUqR14MJ9g8QwZJK,Lonestar,58,1282853
6qewYf1Su9xeaAp9iEQpUw,Up All Night,59,4MoAOfV4ROWofLG3a3hhBN,Jon Pardi,71,1520723
0RFgvrhkf9FiDRLA0BhzpZ,Drift Away,66,2DnqqkzzDKm3vAoyHtn8So,Uncle Kracker,60,638233
7riuy1t0Kt3SRgMtFxX0FR,That Ain't My Truck,60,4qivGtDBIkQFLCeduRpi24,Rhett Akins,48,189189
1XDzDF2lUxBqpHDUVJGzbF,Alabama,0,5Vz7hlMWR4OFye64dYoGm0,Cross Canadian Ragweed,49,200760
09qzRI951OVkXGCc33gzcT,My Maria,67,0XKOBt59crntr7HQXXO8Yz,Brooks & Dunn,69,2455440
57KKY8gqUqqS3YXYotkxS5,Keeping Score (feat. Kelly Clarkson),54,7z5WFjZAIYejWy0NI5lv4T,Dan + Shay,72,2792020
1TanmIWbaUj5NVwJ3k4XPd,Write This Down,67,5vngPClqofybhPERIqQMYd,George Strait,72,3492513
698eQRku24PIYPQPHItKlA,She Got the Best of Me,76,718COspgdWOnwOFpJHRZHS,Luke Combs,81,7509977
68lDOwyMitLVn7fuZD1ggl,One Shot,0,7H6dkUChT5EoOQtUVMg4cN,Hunter Hayes,59,1190562
7f08qp3HROTkfrtNpiYGGo,Dirt On My Boots,73,4MoAOfV4ROWofLG3a3hhBN,Jon Pardi,71,1520723
6LCEyZZHFF4ebF1Mike1s5,Not Ready to Make Nice,61,25IG9fa7cbdmCIy3OnuH57,The Chicks,65,1313836
6NBaOUmCVpNAaqBDFiJkCn,When I Said I Do (with Lisa Hartman Black),50,3Ay15wt0QChT4Kapsuw5Jt,Clint Black,57,872880
1Ov6koHfZL43pGCDdfIoHf,Brother Jukebox,55,2cNV8vNe2fPFf6OfGOBbSS,Mark Chesnutt,54,667348
2dwoqUYTy6SOy1dFqcTndC,Drowns The Whiskey (feat. Miranda Lambert),61,3FfvYsEGaIb52QPXhg4DcH,Jason Aldean,73,5687654
1BWq6vqgF679jaHo3Hb0se,Runnin' With An Angel,46,2QMsj4XJ7ne2hojxt6v5eb,Riley Green,66,488675
516tNdpLmwWM8RAq8wYayP,Dirt Road Dollars,0,65LKZHuxZZFad85JuNxyuJ,Dirt Rock Empire,20,44358
4mpUaApNea2QhQshM4xyr4,Brand New Girlfriend,57,0iYwcf0XreyCAswJOJMOII,Steve Holy,44,41710
0CVHJRneWfL2y3EE2mMYKA,Wonder Woman,22,3dYdcyW7mhZYVDDkNvkd0c,Waterloo Revival,32,17443
6APx8Wqrsplu8sThFqutwn,I Could Kick Your Ass,50,30e8DmahrEamvLbFRPdWmk,Justin Moore,63,1639177
6DRsEO5yuEGBF87qpyMB4d,Somethin' I'm Good At,53,0qSX3s5pJnAlSsgsCne8Cz,Brett Eldredge,67,1421457
392xGZGwgHLVomBXgrE07u,Change My Life,34,64fJiKnU2RfnndB8xP3gLi,Levi Hummon,49,39548
3HtCJiLV8GH87AViMtUKhO,"Guitars, Cadillacs",51,2sxmKe3CUrWnx7eoXMhOlW,Dwight Yoakam,57,556198
4ly1QBXEwYoDmje9rmEgC4,Head Over Boots,73,4MoAOfV4ROWofLG3a3hhBN,Jon Pardi,71,1520723
1Fo2N5iXRi37maMboaig7O,Undo It,60,4xFUf1FHVy696Q1JQZMTRj,Carrie Underwood,71,5488126
5Hd0J6dWz0jqgRDJoRpOdc,Fall,52,4MPkNgar5uTd8Sqvrr7par,Clay Walker,56,1091117
5aujdHHMn6WBzxFiCyqCJb,Swingin',35,3U7k7hBsHF9dy4ELW53Wrv,John Anderson,53,423987
3mM14WXoPaLRjjkmxHe99L,Coal Miner's Daughter - Single Version,60,1FE0rls8gfQT3laAeRYNgl,Loretta Lynn,57,658102
5Z19ylxppfnfdP4JH0u8oj,Break Up in the End,59,1mfDfLsMxYcOOZkzBxvSVW,Cole Swindell,68,1934721
71oM1aFuUhUcynBNyvUPxX,There Ain't Nothin' Wrong with the Radio,0,4XwKU420OWVk38vz1KvH3M,Aaron Tippin,49,541742
1mJ05BN0So26a14iib85aI,All I Want To Do,54,0hYxQe3AK5jBPCr5MumLHD,Sugarland,57,1768748
0VU5k3vCrpqDgUygMjiFYj,Copperhead Road,67,2UBTfUoLI07iRqGeUrwhZh,Steve Earle,58,253740
0VdvvJ9l9ARpDbRpjrcITX,My Front Porch Looking In,15,3qbnxnvUqR14MJ9g8QwZJK,Lonestar,58,1282853
72iAaOAsrBYa4U0VV7cHFd,Sunday Morning,44,4TshyQDihSYXSWqvclXl3I,Parmalee,59,195863
1qxINnTuff87Pj1lvKbGxy,Ready Set Roll,38,6pBNfggcZZDCmb0p92OnGn,Chase Rice,60,1060647
2SdlDofWM5vqkM0FMnjcvS,Party For Two - Country Version With Intro,0,5e4Dhzv426EvQe3aDb64jL,Shania Twain,72,2744195
2rQBc9gO6Bu1AyKIo5fNgI,Heatwave,38,3b8QkneNDz4JHKKKlLgYZg,Florida Georgia Line,74,4991878
43lL05gZ1DqG4YJ74rCPmM,Yeah,54,4aJTB79uwT4sP0Nb8QGWHc,Joe Nichols,57,710017
2wZrc1KD0oKVec9hpTtOD3,Much Too Young (To Feel This Damn Old) - Recorded at Spotify Studios NYC,42,3FfvYsEGaIb52QPXhg4DcH,Jason Aldean,73,5687654
3SRuODYNV4j2ckkJ9Samju,Nothing On But The Radio,59,37W8SKV5Vc8lcGtdyWCA5m,Gary Allan,58,1006440
4o8STNAL91xc7EvuvqSKk1,Whatever It Is,0,6yJCxee7QumYr820xdIsjo,Zac Brown Band,71,3357416
0xwPzLmBAYro8BUz7MrtAo,Make You Miss Me,63,2kucQ9jQwuD8jWdtR9Ef38,Sam Hunt,69,2255509
7yYWlhU8uy27bLV6gxPcFD,Goodbye Says It All,54,4mOt6H7OnuqLnQrm1Bboc6,BlackHawk,44,227474
5wGLQvq6JoxYZX7V3ymPS5,Ready For Your Love,44,4VNQWV2y1E97Eqo2D5UTjx,Gorgon City,62,412182
6Sr8JkH7XRVk7Dnar9Xsr5,Easy Love,0,1IueXOQyABrMOprrzwQJWN,Sigala,73,1487705
7z6ODS2PxZJA1xHnbUcuc0,Love Too Deep - Radio Edit,40,3cnAJv9gydgm52KFIsdvO8,Ferreck Dawn,55,49239
4sz1Eo19ayaSpMhnb865Fb,Sincere,0,49GY4uPAwdlk5lSGtfKWYl,MJ Cole,48,47387
4lnsdLzmeSf57R94syFvJj,Chrystal City,1,24JRvbKfTcF2x7c2kCCJrW,Alan Braxe,41,22980
48bSfSZaq9Aizbu4AWn4st,Febreze (feat. 2 Chainz),51,1HxJeLhIuegM3KgvPn8sTa,Jack Ü,59,1073928
2HNcNd5RPZ7DSRNbIl6JsP,The Hills,0,1Xyo4u8uXC1ZmMpatF05PJ,The Weeknd,93,53182739
42nkVBjWYVhiijbof5zySm,Indian Summer,0,24V5UY0nChKpnb1TBPJhCw,Jai Wolf,53,273364
28yU9kjRYIU68AjYF3yWFp,Faded,0,28j8lBWDdDSHSSt5oPlsX2,ZHU,64,798873
5W3cjX2J3tjhG8zb6u0qHn,"Harder, Better, Faster, Stronger",71,4tZwfgrHOc3mvqYlEYSvVi,Daft Punk,80,9029109
1irISaSn1NUAk8vCku3eBp,Need U (100%) - Radio Edit,0,61lyPtntblHJvA7FMMhi7E,Duke Dumont,64,677041
0KL7GdKXJWK2jQJyreA5Un,Giving It All,43,4qobOrZpdUri80gScwsHfs,Bondax,44,108663
5At2yOSUxWfMCuYvQOrvK4,Musique - Original Mix,0,2WBJQGf1bT1kxuoqziH5g4,Purple Disco Machine,71,460538
59ZSmCCe6Ao1qtptCqX9Tk,Be Right There,0,5fMUXHkw8R8eOP2RNVYEZX,Diplo,78,2511720
3l0cLIKRNAyCwb8dmqL8vl,Love,0,4yhf4iVtt3g7G8D43ZNhDU,Fear Of Dawn,7,295
1X6Lbqy6QWKu4HLDqEwI89,Supernatural,41,2VAnyOxzJuSAj7XIuEOT38,AlunaGeorge,61,429779
3xsEEjVAHxYrNa04yfA2Xx,We Can Ride - Dom Dolla Remix,0,2aRd7rRSUjtZ6WPG5GsBO6,Go Freek,43,5981
0JJPrT8fMHs7b6n1VnqjEB,My Mind,0,1kk6o5FDlujcgz2d2iFXKy,LO'99,36,9050
4bciEWCPPeR2UiVloDyUc5,"Devil (feat. Busta Rhymes, B.o.B & Neon Hitch)",39,1LOB7jTeEV14pHai6EXSzF,Cash Cash,63,668423
4hIGbZWqjyvDndzYvKIIQW,Careless,0,5gqoUf9vKKv96b1c0GBKwu,Dusky,46,109849
7eXESEtK5e9gDz7jLyOVDb,Right Thing to Do,0,1O10apSOoAPjOu6UhUNmeI,SBTRKT,49,627343
0xMd5bcWTbyXS7wPrBtZA6,Burn,62,0X2BH1fck6amBIoJhDVmmJ,Ellie Goulding,78,11358718
29B5iOEsl6pMnvZke3rcIT,The Veldt (feat. Chris James) - Radio Edit,0,2CIMQHirSU0MQqyYHq0eOx,deadmau5,67,2757451
7MmG8p0F9N3C4AXdK6o6Eb,Outside (feat. Ellie Goulding),78,7CajNmpbOovFoOoasH2HaY,Calvin Harris,83,22985542
4VWLdnOv3I1TPzmcg6kdR9,Move Me - Extended Mix,0,2YuGcy0A3VKg9jRbadzoJL,POOLCLVB,31,6782
4K7Oz5U0bhxE1Tnk8aNYhA,The Giver (Reprise),0,61lyPtntblHJvA7FMMhi7E,Duke Dumont,64,677041
49SgioQeGOwNYJJYT4fqmz,"The Other Boys (feat. Kylie Minogue, Jake Shears & Nile Rodgers)",36,4j5KBTO4tk7up54ZirNGvK,NERVO,55,743744
2nIMNhk5BPpzPAcTBx1p0J,Alright (Friendless Remix),0,4yhf4iVtt3g7G8D43ZNhDU,Fear Of Dawn,7,295
2cgZfcnb639TaZhd1AU8iz,Bun Up the Dance,47,5R3Hr2cnCCjt220Jmt2xLf,Dillon Francis,65,1109613
6ird9di2OtZzXIRoUcmoah,Dizzy,0,7HIN94LvSDgxN5RoOLi3E5,Dimmi,44,35286
2jn2fogjWJQKuSkxEQ0995,Bring Me to Life (feat. Milly Pye) - Dantiez Saunderson Remix,3,1yqxFtPHKcGcv6SXZNdyT9,MK,64,254694
0j0DNujXWeupLpZobbABoo,Nothing Left (feat. Will Heard),52,23fqKkggKUBHNkbKtXEls4,Kygo,79,8205953
04coyVwlPNfsK0icWUd1Lf,We Don't Stop,23,6TQj5BFPooTa08A7pk8AQ1,Kaskade,66,900989
6rcBB3zLdFn6RjEzienOdm,Before I Move Off,41,3NUtpWpGDoffm3RCGhSHtl,Mount Kimbie,53,298033
6nRwc5GgNvBMkKaynhQzrm,What Do You Mean?,0,1uNFoZAHBGtllmzznpCI3s,Justin Bieber,90,67760523
2Y3cUWZGxZW6iJ0Mq5CnfR,Bax,0,09w4rprrROhfc0yevxXCGg,Mosca,31,13631
6dW7L3I9rUBPJoqGlKSAOS,GAMMA GAMMA - Brillz Remix,22,521qvhdobR0GzhvU6TFw76,Tritonal,56,221956
1KtD0xaLAikgIt5tPbteZQ,Thinking About You (feat. Ayah Marar),66,7CajNmpbOovFoOoasH2HaY,Calvin Harris,83,22985542
1QJSX3qst1uFk0cyqUOYhV,Catchfire (Sun Sun Sun) - Edx Radio Edit,0,2hPCF7VDHhihvNdobslOHw,Spada,48,16917
7uKggqhDMpPC7CDseRXXmY,Ghost (feat. Vince Staples),0,73e7mIMB4TvYKvNuXu2XxR,With You.,25,3720
65hRZOQkVjmBdusz1N7aOv,Save The World,66,1h6Cn3P4NGzXbaXidqURXs,Swedish House Mafia,75,3627238
22zjnXprDHjIExYsZ8H7Oy,Finished Symphony - Deadmau5 Remix,0,2MYN7OKnlCiZ0wrwp2A1ox,Hybrid,38,49501
2KwCtwV1KfUGfe5Dqm466w,I Am Not Alone - deadmau5 Remix,0,7CajNmpbOovFoOoasH2HaY,Calvin Harris,83,22985542
2iblMMIgSznA464mNov7A8,Don't Stop the Party (feat. TJR),53,0TnOYISbd1XYRBk9myaseg,Pitbull,81,9701610
1f8UCzB3RqIgNkW7QIiIeP,Heart Skips a Beat (feat. Rizzle Kicks),61,3whuHq0yGx60atvA2RCVRW,Olly Murs,65,3259382
6tJkAQ2DzHudWnwZAcKcPZ,The Boss,0,3MdG05syQeRYPPcClLaUGl,Diana Ross,65,1522575
0D7L4pBEGv8ni1cRfaTdMJ,Play That Funky Music,50,4apX9tIeHb85yPyy4F6FJG,Wild Cherry,54,147003
2vEQ9zBiwbAVXzS2SOxodY,Nothing's Gonna Stop Us Now,0,0kObWap02DEg9EAJ3PBxzf,Starship,63,856910
33qw98yPnShEQMoF72ORUa,Amazing,42,5tVyieWwN9j09jXUovK2zN,Danny Saucedo,49,156674
7yT3Zgd8oo5q0CG049DYUH,Car Wash - Single Version,26,1OxJzMLmR9l5zPLap9OxuO,Rose Royce,50,413763
1iaIEmZHrjGzWUmJ9BaFr6,Like a Virgin,49,6tbjWDEIzxoDsBA1FuhfPW,Madonna,76,6511904
2Iib2MV3ECFJAourgP9dlY,La Isla Bonita,62,6tbjWDEIzxoDsBA1FuhfPW,Madonna,76,6511904
3YCHzealiJxB80YmMzAhSV,Maraca,0,37GUqxafAvAKGMZbXCUnmr,Mohombi,58,326339
1gIKd24bixkgYzuxse32oR,How Deep Is Your Love (2007 Remastered Saturday Night Fever LP Version),0,1LZEQNv7sE11VDY3SdxQeN,Bee Gees,75,6232671
2I5Jn1pRVUmfABC62DwXiC,Gosa,19,0AMCPHyPTxIV2J2HthnnX4,Mary N'diaye,24,1437
6b8iBwOw4dATCDGJ9EdljP,Vart jag än går,38,00PLVqZ4oaOmbI4lacLUBO,Stiftelsen,48,240334
6kcuYyyU2tPxGP3PDVWYJT,Summer Paradise (feat. Sean Paul) - Single Version,45,2p4FqHnazRucYQHyDCdBrJ,Simple Plan,67,3264289
4CWUGKyUi4aJOq7tF6HAIF,Street Life,58,1twC2fwPG5FkvYcMpVBQRz,Randy Crawford,54,305911
4kjgGgDbNN4nR3OZYuRkUe,All Night Long (All Night),0,3gMaNLQm7D9MornNILzdSl,Lionel Richie,69,2881185
3CMBcPY38gVQjsp6V2fvvn,Ring My Bell - Re-Record,36,3Dd6jD1AApgtNoU6SJWR7P,Anita Ward,44,109212
